20141219    28.1
20141220    26.9
20141221    33.6
20141222    36.7
20141223    30.5
20141224    28.9
20141225    34.3
20141226    40.9
20141227    41.4
20141228    41.5
20141229    32.3
20141230    30.4
20141231    29.0
20151219    27.1
20151220    25.9
20151221    33.8
20151222    36.8
20151223    33.5
20151224    24.9
20151225    32.3
20151226    46.9
20151227    44.4
20151228    99999.9
20151229    32.7
20151230    36.4
20151231    29.0
20161219    28.1
20161220    26.9
20161221    33.6
20161222    36.7
20161223    30.5
20161224    28.9
20161225    36.3
20161226    40.9
20161227    41.9
20161228    41.5
20161229    38.3
20161230    30.8
20161231    26.0
