20141219    39.2
20141220    28.7
20141221    29.6
20141222    30.0
20141223    32.1
20141224    99999.9
20141225    31.9
20141226    33.4
20141227    35.0
20141228    31.3
20141229    35.7
20141230    41.5
20141231    24.6
20151219    36.2
20151220    28.9
20151221    29.6
20151222    35.0
20151223    38.1
20151224    32.5
20151225    31.0
20151226    36.4
20151227    36.0
20151228    32.3
20151229    35.6
20151230    40.5
20151231    24.6
20161219    39.2
20161220    29.7
20161221    29.6
20161222    30.5
20161223    32.1
20161224    38.6
20161225    34.9
20161226    32.4
20161227    35.9
20161228    31.3
20161229    35.3
20161230    40.5
20161231    29.4
